4294967278,260
4294967278,42
4294967278,41
4294967278,40
4294967278,39
4294967278,38
4294967278,37
4294967278,36
4294967278,35
4294967278,34
4294967278,33
4294967278,32
4294967278,31
4294967278,30
4294967278,29
4294967278,28
4294967278,27
4294967278,26
4294967278,25
4294967278,24
4294967278,23
4294967278,22
4294967279,328
4294967278,337
4294967279,327
4294967279,326
4294967278,529
4294967278,530
4294967279,383
4294967279,382
4294967294,1416
4294967294,114
4294967278,528
4294967279,325
4294967279,396
4294967278,527
4294967279,404
4294967278,326
4294967278,343
4294967278,198
4294967294,388
4294967278,317
4294967279,372
4294967278,525
4294967278,196
4294967278,564
4294967279,370
4294967279,371
4294967294,185
4294967294,900
4294967294,176
4294967294,170
4294967294,966
4294967278,562
4294967278,194
4294967278,563
4294967279,369
4294967278,561
4294967278,192
4294967278,524
4294967279,366
4294967279,367
4294967278,523
4294967278,190
4294967278,560
4294967279,364
4294967278,189
4294967278,575
4294967278,188
4294967278,552
4294967279,377
4294967278,521
4294967278,186
4294967278,522
4294967279,362
4294967278,559
4294967278,314
4294967278,183
4294967278,520
4294967279,183
4294967279,311
4294967278,313
4294967278,180
4294967278,312
4294967278,45
4294967278,44
4294967278,43
4294967278,519
4294967278,331
4294967278,53
4294967278,302
4294967278,52
4294967278,301
4294967278,51
4294967278,551
4294967278,50
4294967278,49
4294967278,48
4294967278,47
4294967278,46
4294967279,304
4294967278,61
4294967278,557
4294967278,60
4294967278,556
4294967279,399
4294967278,59
4294967278,308
4294967279,403
4294967278,58
4294967278,307
4294967279,171
4294967278,57
4294967278,306
4294967279,389
4294967278,56
4294967278,336
4294967278,304
4294967279,298
4294967278,55
4294967279,168
4294967278,54
4294967279,296
4294967279,295
4294967279,294
4294967279,359
4294967279,358
4294967278,85
4294967278,84
4294967278,83
4294967278,82
4294967278,81
4294967278,80
4294967278,79
4294967278,78
4294967278,77
4294967278,76
4294967278,75
4294967278,74
4294967278,73
4294967278,72
4294967278,71
4294967278,70
4294967278,69
4294967278,68
4294967279,225
4294967279,106
4294967279,104
4294967279,103
4294967279,102
4294967279,101
4294967279,99
4294967279,97
4294967279,92
4294967279,91
4294967279,89
4294967279,87
4294967279,85
4294967279,84
4294967279,83
4294967279,81
4294967279,79
4294967279,78
4294967279,75
4294967279,74
4294967279,73
4294967279,72
4294967279,71
4294967279,69
4294967279,61
4294967279,60
4294967279,58
4294967279,57
4294967279,55
4294967279,54
4294967279,52
4294967279,49
4294967279,38
4294967279,22
4294967279,20
4294967279,16
4294967279,15
4294967279,12
4294967279,260
4294967279,48
4294967279,47
4294967278,342
4294967279,46
4294967279,291
4294967279,45
4294967279,157
4294967279,44
4294967279,318
4294967279,43
4294967279,386
4294967279,42
4294967279,376
4294967279,41
4294967279,357
4294967279,356
4294967279,39
4294967279,398
4294967279,150
4294967279,288
4294967279,36
4294967279,355
4294967279,35
4294967279,287
4294967279,354
4294967279,33
4294967279,353
4294967279,32
4294967279,352
4294967279,31
4294967279,351
4294967279,30
4294967279,286
4294967279,29
4294967279,350
4294967279,28
4294967279,285
4294967279,27
4294967279,284
4294967279,26
4294967279,138
4294967279,25
4294967279,283
4294967279,24
4294967279,317
4294967278,341
4294967279,316
4294967279,133
4294967279,271
184,4
4294967279,269
184,3
184,2
184,1
4294967279,267
4294967279,279
4294967279,281
183,4
4294967279,266
183,3
183,2
183,1
4294967279,347
4294967279,265
4294967279,264
182,4
4294967279,263
182,3
182,2
182,1
4294967279,402
4294967279,262
4294967279,388
4294967279,259
4294967279,10
4294967279,261
4294967294,107
4294967279,257
4294967279,360
4294967279,380
4294967278,572
4294967278,571
4294967278,256
4294967278,538
4294967278,328
4294967278,536
4294967278,535
4294967278,327
4294967278,254
4294967278,533
4294967278,248
4294967278,253
181,5
181,4
4294967278,250
181,2
181,1
4294967278,245
4294967278,242
4294967278,243
4294967278,240
4294967294,38
4294967294,36
4294967294,39
4294967278,238
4294967278,239
4294967278,237
4294967278,234
180,5
4294967278,232
180,4
180,2
180,1
4294967279,401
4294967279,346
4294967278,230
4294967294,99
4294967294,76
4294967294,41
4294967294,83
4294967294,409
4294967294,395
4294967294,396
4294967294,179
4294967294,178
4294967294,385
4294967294,407
4294967294,168
4294967294,398
4294967294,384
4294967294,444
4294967294,111
4294967294,449
4294967294,464
4294967294,118
4294967294,113
4294967294,51
4294967294,390
4294967294,44
4294967294,120
4294967294,43
4294967294,82
